     0/299     6.62G   0.09907    0.0335   0.02886    0.1614        42       640   0.02115  0.006198  0.002697 0.0004478   0.08401   0.03402   0.02679
     1/299     11.5G   0.07405   0.03571   0.02521     0.135        45       640    0.1816    0.1529    0.1278   0.02887   0.06904   0.03517   0.02369
     2/299     11.5G   0.06095    0.0325   0.02355     0.117        59       640    0.1518     0.296    0.1018    0.0193   0.06921   0.02663   0.02096
     3/299     11.5G   0.05995   0.02644   0.02035    0.1067        54       640    0.5181    0.5501    0.4901    0.1428   0.05612   0.02331   0.01629
     4/299     11.5G   0.05855   0.02335   0.01462   0.09651        79       640    0.4248    0.6068    0.4428    0.1055   0.06369   0.01899   0.01158
     5/299     11.5G   0.05644   0.02052   0.01082   0.08778        57       640    0.5724    0.6614    0.5916    0.2296   0.04881   0.01888   0.01111
     6/299     11.5G   0.05392   0.01943  0.009542    0.0829        44       640    0.5569    0.7809    0.6539    0.2466   0.05016   0.01677  0.007765
     7/299     11.5G   0.05015   0.01799  0.008971   0.07712        48       640    0.6696    0.6946    0.6527    0.2352    0.0599   0.01559  0.006813
     8/299     11.5G   0.04766    0.0175  0.007909   0.07307        50       640    0.5654    0.7244    0.6299    0.2329   0.05099   0.01576  0.007407
     9/299     11.5G   0.04609   0.01681  0.007246   0.07015        47       640    0.7118    0.6741    0.7259    0.2927   0.05136   0.01546  0.007175
    10/299     11.5G   0.04482   0.01623   0.00706    0.0681        38       640    0.6523    0.7204    0.6822    0.2163   0.05573   0.01424  0.007851
    11/299     11.5G   0.04359   0.01584  0.006857   0.06629        39       640    0.6834    0.7695    0.7408    0.3743   0.04306   0.01467  0.006827
    12/299     11.5G   0.04045   0.01569  0.007132   0.06327        54       640    0.7211    0.7448    0.7783    0.3598   0.04832   0.01432  0.006464
    13/299     11.5G   0.04069   0.01539  0.006715   0.06279        48       640    0.8805    0.8287    0.8674    0.4779   0.03608   0.01446  0.006498
    14/299     11.5G   0.03903   0.01491  0.006691   0.06063        49       640    0.7145    0.8097    0.8031    0.4033   0.04175   0.01459  0.008044
    15/299     11.5G   0.03952   0.01565  0.006057   0.06123        54       640    0.8861    0.7523     0.835    0.4398   0.04116     0.015   0.01032
    16/299     11.5G   0.03672   0.01529   0.00562   0.05763        49       640    0.8858    0.8339     0.874    0.4791   0.03515   0.01394  0.008367
    17/299     11.5G   0.03643   0.01478  0.006094    0.0573        46       640    0.7942    0.8012    0.8021    0.4335   0.03845   0.01507  0.008686
    18/299     11.5G   0.03451   0.01466  0.005583   0.05475        40       640    0.9311    0.8107    0.8878     0.528   0.03344   0.01472  0.007392
    19/299     11.5G   0.03523   0.01442  0.005308   0.05495        48       640    0.9129    0.7971    0.8672     0.433   0.04054   0.01469  0.007395
    20/299     11.5G   0.03446   0.01479  0.005257   0.05451        59       640    0.9218    0.7941    0.8811    0.5248   0.03478   0.01436  0.008866
    21/299     11.5G   0.03463   0.01517  0.004975   0.05478        54       640    0.9304    0.8289    0.8945    0.5252   0.03341   0.01392  0.006676
    22/299     11.5G   0.03333   0.01449  0.005109   0.05293        71       640    0.8857     0.732    0.8488    0.4991   0.03623   0.01474    0.0125
    23/299     11.5G   0.03409   0.01489  0.005469   0.05446        41       640    0.9225    0.8002    0.8768    0.5036   0.03432   0.01416  0.007605
    24/299     11.5G   0.03239   0.01428  0.005035   0.05171        33       640    0.8748    0.7598    0.8397     0.476   0.03524   0.01497   0.01003
    25/299     11.5G   0.03193   0.01484  0.005901   0.05267        60       640    0.8315    0.7262    0.8182    0.4713   0.03847    0.0151   0.00908
    26/299     11.5G   0.03213   0.01478  0.005595    0.0525        45       640    0.8867    0.7883    0.8512    0.4904   0.03691   0.01586  0.006915
    27/299     11.5G   0.03196   0.01497  0.005623   0.05256        71       640    0.9136    0.8299     0.879     0.544    0.0325   0.01462  0.007498
    28/299     11.5G   0.03095   0.01488  0.005875    0.0517        50       640    0.8726    0.7688    0.8424    0.5102   0.03378   0.01539   0.01003
    29/299     11.5G   0.03131   0.01476  0.005692   0.05176        47       640    0.8978    0.7852    0.8626      0.51   0.03528   0.01506  0.007229
    30/299     11.5G   0.03145   0.01537  0.006086   0.05291        63       640    0.7868    0.7631    0.8004    0.4838   0.03426   0.01648   0.01183
    31/299     11.5G   0.03028   0.01466  0.005872   0.05081        32       640    0.6468    0.5514    0.5402    0.2836   0.04645    0.0181   0.03141
    32/299     11.5G   0.03114   0.01547  0.005804   0.05241        54       640    0.8581    0.7865    0.8502    0.5069   0.03476    0.0151  0.008945
    33/299     11.5G   0.03092   0.01501  0.005741   0.05168        47       640    0.8223    0.7708    0.8243    0.4838   0.03448   0.01443   0.01124
    34/299     11.5G   0.03013   0.01475  0.004911   0.04979        54       640    0.8935    0.7802     0.845    0.5156    0.0329   0.01512  0.008018
    35/299     11.5G   0.03008   0.01455  0.004865   0.04949        42       640    0.9082    0.8122    0.8637    0.4902   0.03623   0.01461  0.009055
    36/299     11.5G   0.02947   0.01464  0.005151   0.04926        50       640     0.894    0.8316     0.889    0.5342   0.03256   0.01422  0.006988
    37/299     11.5G   0.02872   0.01414  0.004796   0.04766        41       640    0.9105    0.8025    0.8776     0.547   0.03052   0.01414  0.008949
    38/299     11.5G   0.02749   0.01389   0.00487   0.04626        40       640     0.872    0.8127     0.873    0.5363   0.03244   0.01467   0.00897
    39/299     11.5G   0.02848   0.01433  0.005297   0.04811        43       640    0.9046    0.8062    0.8701      0.54   0.03206   0.01459  0.008194
    40/299     11.5G   0.02883   0.01455  0.004423    0.0478        70       640    0.9387    0.8121    0.8915    0.5533   0.03163   0.01392  0.007708
    41/299     11.5G   0.02803   0.01387  0.004549   0.04645        35       640    0.9099    0.8396    0.8813    0.5624   0.03082    0.0148  0.006849
    42/299     11.5G   0.02765   0.01394  0.004342   0.04593        48       640    0.9318    0.8013    0.8792    0.5463   0.03153   0.01519  0.008667
    43/299     11.5G   0.02732   0.01351  0.004076    0.0449        40       640    0.8944    0.8122    0.8742    0.5295   0.03182   0.01473   0.01138
    44/299     11.5G   0.02731   0.01369  0.003589   0.04459        52       640       0.9    0.8407    0.8969    0.5465   0.03095   0.01411  0.009201
    45/299     11.5G   0.02677   0.01334  0.003868   0.04398        42       640    0.8964    0.7963    0.8781    0.5534   0.03015   0.01426   0.01258
    46/299     11.5G   0.02697   0.01335  0.003916   0.04424        43       640    0.9026    0.8332    0.8745     0.543   0.03251   0.01537  0.008366
    47/299     11.5G   0.02706   0.01317  0.004121   0.04435        45       640    0.9336    0.8377    0.9053    0.5755   0.02995   0.01381  0.006483
    48/299     11.5G   0.02619    0.0136  0.003677   0.04346        50       640    0.9144    0.8315     0.889    0.5624   0.03085    0.0141  0.009075
    49/299     11.5G   0.02614   0.01335  0.003433   0.04292        49       640    0.9036    0.8489    0.8944    0.5691   0.02958   0.01428  0.006945
    50/299     11.5G   0.02634   0.01335  0.003021   0.04271        35       640    0.9076    0.7915    0.8624    0.5471   0.03068   0.01403   0.01148
    51/299     11.5G   0.02558   0.01272  0.003049   0.04135        51       640    0.9258    0.8491     0.906    0.5869   0.02927    0.0138  0.006222
    52/299     11.5G   0.02569   0.01302   0.00315   0.04186        51       640    0.9219    0.8193    0.8955    0.5842   0.02975   0.01401  0.008465
    53/299     11.5G   0.02577   0.01295  0.003542   0.04227        45       640    0.9288     0.842    0.9056    0.5717   0.02994   0.01403  0.007052
    54/299     11.5G   0.02534   0.01302  0.003389   0.04175        33       640    0.9254    0.8347    0.8955    0.5753   0.02953   0.01434  0.006592
    55/299     11.5G    0.0251   0.01324  0.002838   0.04118        62       640    0.9399    0.8467    0.9042    0.5685   0.03084   0.01428  0.006256
    56/299     11.5G   0.02511   0.01281  0.003432   0.04135        58       640    0.9451     0.813    0.8894    0.5754   0.02939   0.01406  0.007231
    57/299     11.5G   0.02529   0.01278  0.003456   0.04153        53       640    0.9143    0.8571    0.9052    0.5815   0.02929   0.01342  0.006533
    58/299     11.5G    0.0251   0.01291  0.002886   0.04089        48       640    0.9334    0.8158    0.8919    0.5677   0.02907   0.01333  0.008624
    59/299     11.5G   0.02444   0.01272   0.00291   0.04007        59       640    0.9102     0.863    0.9023    0.5897   0.02826   0.01373  0.008557
    60/299     11.5G   0.02419   0.01251  0.002893   0.03959        40       640    0.9458    0.8244    0.9072    0.5869   0.02968    0.0141   0.00835
    61/299     11.5G   0.02483   0.01284  0.003037    0.0407        39       640    0.9457    0.8243    0.8995    0.5807   0.02923   0.01461   0.01178
    62/299     11.5G   0.02418   0.01238  0.003125   0.03968        43       640    0.8889    0.8445    0.8893    0.5873   0.02818    0.0139  0.008068
    63/299     11.5G   0.02425   0.01237  0.002747   0.03936        49       640      0.94    0.8444    0.9128    0.5908   0.02856   0.01402  0.006525
    64/299     11.5G   0.02386   0.01202  0.002318    0.0382        43       640    0.9239    0.8338    0.8915    0.5806   0.02895   0.01484  0.008325
    65/299     11.5G   0.02367   0.01231  0.002842   0.03882        41       640    0.8938    0.8374     0.885    0.5817    0.0298   0.01475  0.009006
    66/299     11.5G    0.0238   0.01227  0.002836   0.03891        34       640    0.9073    0.8521    0.8957    0.5877   0.02858   0.01352  0.008252
    67/299     11.5G   0.02361   0.01231  0.003283   0.03921        54       640    0.9537     0.844    0.9072    0.5919   0.02887    0.0144  0.008705
    68/299     11.5G   0.02313   0.01223  0.002668   0.03803        41       640    0.8915    0.8225    0.8923     0.576   0.02847   0.01432  0.009707
    69/299     11.5G   0.02311   0.01225  0.002656   0.03802        41       640    0.9346    0.8605    0.9076    0.6005   0.02843   0.01399  0.006777
    70/299     11.5G   0.02378   0.01244  0.002484   0.03871        46       640    0.9288    0.8457    0.9004    0.5879   0.02855   0.01458  0.007647
    71/299     11.5G   0.02361   0.01239  0.002222   0.03822        54       640    0.9265    0.8533     0.912    0.6021   0.02803   0.01389  0.006737
    72/299     11.5G   0.02327   0.01206  0.002525   0.03786        54       640    0.9392    0.8522    0.9107    0.5992   0.02826    0.0139  0.008097
    73/299     11.5G   0.02264   0.01212  0.002723   0.03748        34       640    0.9081    0.8574    0.8985    0.5721   0.02991   0.01474  0.006819
    74/299     11.5G   0.02264   0.01189  0.002544   0.03707        49       640    0.9116    0.8439    0.8941    0.5855   0.02879   0.01407  0.008338
    75/299     11.5G   0.02306   0.01215  0.002253   0.03746        59       640    0.9304    0.8766    0.9177    0.6116   0.02853   0.01355  0.006514
    76/299     11.5G   0.02307   0.01198  0.002815   0.03787        55       640    0.9355    0.8142    0.8788    0.5751   0.02901   0.01499  0.008749
    77/299     11.5G   0.02299   0.01208   0.00204    0.0371        36       640    0.9444    0.8437    0.9112    0.6015    0.0282   0.01399   0.00664
    78/299     11.5G   0.02276   0.01191  0.002389   0.03706        40       640    0.9241    0.8491    0.9082    0.5978   0.02776   0.01392  0.008484
    79/299     11.5G   0.02208   0.01177  0.002143     0.036        50       640    0.9244    0.8479    0.9011    0.5993   0.02815   0.01455  0.007937
    80/299     11.5G   0.02186   0.01197  0.002223   0.03606        58       640    0.9223    0.8623     0.902    0.5857    0.0291   0.01478  0.007959
    81/299     11.5G   0.02243   0.01165   0.00219   0.03628        52       640    0.9236    0.8365    0.8879     0.581   0.02887   0.01518  0.006427
    82/299     11.5G   0.02236   0.01168  0.002242   0.03628        29       640    0.9297    0.8562    0.9088    0.5991   0.02765   0.01406  0.006838
    83/299     11.5G   0.02153   0.01155  0.002209   0.03529        45       640    0.9411    0.8562    0.9101    0.6019   0.02787   0.01388  0.006217
    84/299     11.5G   0.02172   0.01165  0.002088   0.03546        40       640    0.9262    0.8437    0.9045    0.5792   0.02875   0.01471  0.008195
    85/299     11.5G   0.02158   0.01154  0.002088   0.03521        35       640    0.9368    0.8523    0.9071     0.592   0.02861   0.01442  0.009085
    86/299     11.5G   0.02167   0.01181  0.002174   0.03565        41       640    0.9348    0.8489    0.8992    0.5908   0.02859   0.01486  0.008717
    87/299     11.5G   0.02137   0.01146  0.002361    0.0352        54       640    0.9351    0.8479    0.9062    0.5962   0.02802   0.01385  0.008518
    88/299     11.5G   0.02188   0.01144  0.002055   0.03538        40       640    0.9191    0.8672     0.902    0.6019   0.02771   0.01475  0.006695
    89/299     11.5G   0.02148   0.01102  0.002095   0.03459        35       640    0.9383    0.8434    0.9083     0.596   0.02874   0.01404   0.00711
    90/299     11.5G   0.02176    0.0114  0.001948   0.03511        57       640    0.9491    0.8614    0.9102    0.5994   0.02786   0.01434  0.007405
    91/299     11.5G   0.02188   0.01121  0.001934   0.03503        36       640    0.9344    0.8418    0.9072     0.595   0.02761   0.01417  0.006963
    92/299     11.5G   0.02158   0.01099  0.002171   0.03475        37       640    0.9415    0.8582    0.9089    0.5935   0.02867   0.01478  0.005909
    93/299     11.5G   0.02141   0.01124  0.001684   0.03433        42       640    0.9518    0.8446    0.9066     0.599   0.02839   0.01513  0.006798
    94/299     11.5G    0.0212   0.01111  0.002104   0.03442        58       640    0.9475     0.846     0.903    0.6004   0.02866   0.01479  0.007247
    95/299     11.5G    0.0211   0.01123  0.001858   0.03418        42       640    0.9477    0.8623    0.9137    0.6027   0.02833   0.01452  0.006664
    96/299     11.5G   0.02087   0.01093  0.001885   0.03368        40       640    0.9151    0.8578    0.9051    0.5949   0.02847   0.01523  0.007145
    97/299     11.5G   0.02034   0.01085  0.001749   0.03294        52       640    0.9263    0.8512    0.8975    0.5997   0.02828   0.01514  0.008597
    98/299     11.5G   0.02101   0.01125  0.001755   0.03402        59       640    0.9271    0.8542    0.9113    0.5989   0.02825   0.01447  0.007962
    99/299     11.5G   0.02046   0.01108  0.001719   0.03325        54       640      0.91    0.8691    0.9122    0.6003    0.0283    0.0146  0.007731
   100/299     11.5G   0.02052   0.01109  0.002015   0.03363        50       640    0.9487    0.8492    0.9139    0.6009   0.02791   0.01423  0.007522
   101/299     11.5G   0.02011   0.01091  0.001797   0.03281        49       640    0.9604    0.8512    0.9152    0.6053   0.02813   0.01449  0.006558
   102/299     11.5G   0.02055   0.01154  0.001775   0.03386       100       640     0.952    0.8554    0.9117    0.6037   0.02804    0.0144  0.007632
   103/299     11.5G   0.02027   0.01098  0.001921   0.03317        35       640    0.9371    0.8419    0.9019    0.5936   0.02783    0.0144  0.008034
   104/299     11.5G   0.01983   0.01063   0.00178   0.03224        47       640     0.941     0.848    0.9044    0.5919   0.02876   0.01507  0.006927
   105/299     11.5G   0.02035   0.01109  0.002031   0.03347        40       640    0.9363    0.8626    0.9163    0.6015   0.02823   0.01416  0.006573
   106/299     11.5G   0.02048   0.01127   0.00177   0.03352        43       640     0.943    0.8487    0.9108    0.5906   0.02826   0.01479  0.007551
   107/299     11.5G   0.02082   0.01071  0.002326   0.03385        37       640    0.8824    0.8131    0.8857    0.5858   0.02853   0.01519   0.01139
   108/299     11.5G    0.0205   0.01096  0.002154   0.03361        52       640    0.9313    0.8287     0.896    0.5982   0.02796   0.01455   0.01066
   109/299     11.5G    0.0197   0.01081  0.001866   0.03237        40       640    0.9402     0.844    0.9116    0.6036   0.02769   0.01456  0.008469
   110/299     11.5G   0.01997   0.01096  0.001965    0.0329        46       640    0.9568    0.8493    0.9162    0.5938    0.0282   0.01448  0.007029
   111/299     11.5G   0.01971   0.01076  0.001959   0.03243        45       640    0.9601    0.8587     0.917    0.6082   0.02797    0.0146  0.007252
   112/299     11.5G   0.01992   0.01089  0.001641   0.03245        65       640    0.9441    0.8587    0.9033    0.5949   0.02813   0.01473  0.007353
   113/299     11.5G   0.01973   0.01098  0.002101   0.03281        53       640    0.9329    0.8561    0.9039    0.5985   0.02821   0.01551  0.007884
   114/299     11.5G   0.01988   0.01136  0.001822   0.03306        51       640    0.9098    0.8724    0.9067    0.5955   0.02823   0.01495  0.008088
   115/299     11.5G   0.01968   0.01032   0.00205   0.03205        38       640    0.9334    0.8541    0.9021    0.5966   0.02805   0.01464  0.007431
   116/299     11.5G   0.02005    0.0109  0.001778   0.03273        49       640    0.9167    0.8297    0.8994    0.5888   0.02804   0.01497  0.009462
   117/299     11.5G   0.02019   0.01074  0.001802   0.03274        55       640    0.9221    0.8391    0.8957    0.5959     0.028   0.01493   0.01123
   118/299     11.5G   0.01979   0.01088  0.001715   0.03238        48       640    0.9418    0.8669    0.9138    0.6116   0.02778   0.01426  0.007254
   119/299     11.5G   0.01933    0.0107  0.002065   0.03209        40       640    0.9234    0.8676    0.9103    0.6053    0.0281   0.01473  0.007277
   120/299     11.5G   0.01934    0.0103  0.001315   0.03096        36       640    0.9585    0.8666    0.9181    0.6139   0.02739   0.01461  0.005895
   121/299     11.5G   0.01917   0.01052  0.001509   0.03121        50       640    0.9589    0.8463    0.9161    0.6006   0.02799   0.01505   0.00687
   122/299     11.5G   0.01882  0.009993  0.001416   0.03023        34       640    0.9234    0.8859    0.9124    0.6057   0.02789   0.01468  0.007028
   123/299     11.5G   0.01818   0.01007  0.001654    0.0299        39       640    0.9587    0.8664    0.9208    0.6132   0.02772   0.01501  0.006285
   124/299     11.5G   0.01906   0.01045  0.001676   0.03119        73       640    0.9592    0.8574    0.9073    0.6065   0.02786   0.01512  0.006046
   125/299     11.5G   0.01928   0.01011  0.001452   0.03084        40       640    0.9502    0.8901    0.9232    0.6126   0.02766   0.01485  0.005542
   126/299     11.5G   0.01872   0.01011   0.00153   0.03036        38       640    0.9556    0.8779    0.9197     0.612   0.02805    0.0151  0.004808
   127/299     11.5G    0.0186   0.01017  0.001361   0.03013        39       640    0.9462    0.8665    0.9162    0.6084   0.02766   0.01459   0.00547
   128/299     11.5G   0.01866   0.01035  0.001454   0.03047        49       640    0.9446    0.8726    0.9191    0.6169   0.02743   0.01455  0.005289
   129/299     11.5G   0.01873   0.01018  0.001696    0.0306        32       640    0.9428     0.869     0.918    0.6127   0.02711   0.01434  0.005833
   130/299     11.5G   0.01872   0.01018  0.001822   0.03072        46       640    0.9501    0.8614    0.9141    0.6098   0.02763   0.01444  0.006778
   131/299     11.5G   0.01861   0.01021  0.001489   0.03031        50       640    0.9625    0.8472    0.9104    0.6101   0.02766   0.01526  0.008135
   132/299     11.5G   0.01796   0.01025  0.001422   0.02963        44       640    0.9465    0.8609    0.9202    0.6148   0.02767   0.01488  0.006637
   133/299     11.5G   0.01828   0.01022  0.001656   0.03015        44       640    0.9374    0.8778    0.9205    0.6067   0.02742   0.01473  0.006389
   134/299     11.5G    0.0185   0.01015  0.001521   0.03017        38       640    0.9403    0.8665     0.918    0.6006   0.02769    0.0153  0.007176
   135/299     11.5G   0.01806   0.01003  0.001297   0.02939        47       640     0.957    0.8594    0.9176    0.6134   0.02752   0.01531  0.007264
   136/299     11.5G   0.01799  0.009958  0.001586   0.02954        41       640    0.9411     0.855    0.9161    0.6079   0.02737   0.01506  0.007706
   137/299     11.5G   0.01836   0.01025  0.001632   0.03025        37       640    0.9435    0.8603    0.9212    0.6119   0.02736   0.01526  0.007403
   138/299     11.5G   0.01752   0.00989  0.001208   0.02862        50       640    0.9342    0.8673    0.9117    0.6082   0.02744   0.01577  0.006473
   139/299     11.5G   0.01808  0.009983  0.001521   0.02958        71       640    0.9283    0.8734    0.9196    0.6095   0.02742   0.01494  0.007054
   140/299     11.5G   0.01798   0.00996   0.00131   0.02925        47       640    0.9432    0.8572    0.9097    0.6041   0.02792    0.0155  0.006771
   141/299     11.5G    0.0174  0.009902  0.001256   0.02856        83       640    0.9348     0.877    0.9165     0.605   0.02794   0.01533  0.007503
   142/299     11.5G   0.01736      0.01  0.001579   0.02894        51       640    0.9245    0.8859    0.9185    0.6057   0.02748   0.01509  0.006748
   143/299     11.5G   0.01767  0.009767  0.001402   0.02884        60       640    0.9586    0.8562    0.9192    0.6062   0.02731   0.01497  0.006299
   144/299     11.5G   0.01776  0.009744  0.001383   0.02889        49       640    0.9596    0.8667    0.9124    0.6072   0.02713   0.01536  0.006364
   145/299     11.5G   0.01798   0.01014  0.001533   0.02965        42       640    0.9395    0.8665    0.9132    0.6059   0.02702   0.01494  0.006517
   146/299     11.5G    0.0175  0.009811  0.001398   0.02871        32       640    0.9473    0.8714    0.9193    0.6118   0.02711   0.01525  0.007143
   147/299     11.5G   0.01724  0.009457  0.001281   0.02798        48       640    0.9401    0.8703    0.9111    0.6082   0.02719    0.0156   0.00652
   148/299     11.5G   0.01754  0.009408  0.001308   0.02825        30       640    0.9386    0.8633    0.9116    0.6059   0.02746   0.01544  0.007619
   149/299     11.5G   0.01742  0.009775  0.001394   0.02859        47       640     0.945    0.8613    0.9203    0.6156   0.02718   0.01513  0.006734
   150/299     11.5G   0.01713  0.009702  0.001405   0.02823        49       640    0.9334    0.8764    0.9173    0.6054   0.02731   0.01513  0.006523
   151/299     11.5G    0.0171  0.009578  0.001537   0.02822        53       640    0.9423    0.8798     0.915    0.6071    0.0274   0.01539  0.006777
   152/299     11.5G   0.01696  0.009581  0.001364    0.0279        39       640    0.9422    0.8712    0.9136    0.6124   0.02731   0.01571  0.006931
   153/299     11.5G   0.01744  0.009834  0.001363   0.02864        48       640    0.9438    0.8663    0.9175    0.6117   0.02747   0.01579  0.007877
   154/299     11.5G   0.01735  0.009541  0.001262   0.02815        59       640    0.9323    0.8582    0.9057     0.606   0.02772   0.01548    0.0102
   155/299     11.5G   0.01698  0.009595  0.001263   0.02784        44       640    0.9288    0.8706    0.9091    0.6017   0.02757   0.01566  0.009153
   156/299     11.5G   0.01703  0.009568   0.00127   0.02787        47       640    0.9494    0.8758    0.9176    0.6182   0.02708   0.01534   0.00703
   157/299     11.5G    0.0173  0.009313  0.001458   0.02807        48       640    0.9631    0.8696    0.9148    0.6151   0.02733   0.01565  0.007199
   158/299     11.5G   0.01673  0.009728  0.001364   0.02782        51       640    0.9504    0.8782    0.9169    0.6141   0.02728   0.01538  0.006037
   159/299     11.5G   0.01668  0.009362  0.001274   0.02731        34       640    0.9714    0.8664    0.9199    0.6165   0.02701   0.01516  0.006087
   160/299     11.5G   0.01635    0.0094  0.001157   0.02691        50       640    0.9595    0.8623    0.9162    0.6136   0.02734   0.01532  0.007261
   161/299     11.5G   0.01635   0.00922  0.001316   0.02689        33       640    0.9449    0.8675    0.9117    0.6099   0.02745   0.01561  0.007605
   162/299     11.5G   0.01677  0.009403  0.001275   0.02744        55       640    0.9569    0.8594    0.9164    0.6175   0.02749   0.01483  0.007352
   163/299     11.5G    0.0169  0.009735  0.001273   0.02791        65       640    0.9454    0.8758    0.9176    0.6182   0.02737   0.01497  0.007623
   164/299     11.5G   0.01641  0.009645  0.001253   0.02731        62       640     0.931    0.8836    0.9181     0.613   0.02754   0.01533  0.006865
   165/299     11.5G   0.01682  0.009331  0.001012   0.02716        64       640    0.9728    0.8661    0.9155    0.6126   0.02755   0.01521  0.006009
   166/299     11.5G    0.0166   0.00917  0.001292   0.02706        41       640    0.9447    0.8746     0.913    0.6151   0.02729   0.01528  0.006468
   167/299     11.5G   0.01651  0.009137  0.001107   0.02675        54       640    0.9609    0.8645    0.9202    0.6163   0.02717   0.01537  0.006277
   168/299     11.5G   0.01613  0.009037  0.001043   0.02621        47       640    0.9426    0.8807     0.921    0.6177   0.02705    0.0154   0.00587
   169/299     11.5G   0.01626  0.009042  0.001123   0.02643        41       640    0.9299    0.8869    0.9207    0.6164   0.02723   0.01546  0.006176
   170/299     11.5G   0.01604  0.009272  0.001115   0.02643        44       640    0.9486    0.8758    0.9203    0.6188   0.02729   0.01535  0.006461
   171/299     11.5G   0.01618  0.009179  0.001257   0.02661        41       640    0.9555    0.8605     0.912    0.6127    0.0276   0.01583  0.006792
   172/299     11.5G   0.01614  0.008912  0.001172   0.02622        57       640     0.961    0.8754    0.9193    0.6157   0.02738   0.01563  0.005093
   173/299     11.5G   0.01611  0.009167  0.001294   0.02657        52       640    0.9454    0.8793    0.9144    0.6081   0.02762   0.01547  0.005838
   174/299     11.5G    0.0158  0.008886   0.00112   0.02581        48       640    0.9457    0.8684    0.9178    0.6121   0.02749    0.0158  0.005933
   175/299     11.5G   0.01549   0.00917   0.00113   0.02579        44       640     0.954    0.8541    0.9133    0.6146   0.02737   0.01577  0.006642
   176/299     11.5G   0.01524  0.008676 0.0009312   0.02485        37       640    0.9645    0.8574    0.9112     0.614   0.02774   0.01617  0.006262
   177/299     11.5G   0.01589    0.0089  0.001201   0.02599        39       640    0.9704    0.8624    0.9187    0.6151   0.02724   0.01594  0.005873
   178/299     11.5G   0.01591  0.009061  0.001049   0.02602        68       640    0.9657    0.8634    0.9162     0.613   0.02746   0.01599  0.005984
   179/299     11.5G   0.01574   0.00904  0.001129   0.02591        49       640    0.9516    0.8829    0.9191    0.6163   0.02734   0.01573  0.005966
   180/299     11.5G   0.01583  0.009305  0.001163    0.0263        61       640    0.9634    0.8645    0.9191     0.617   0.02711    0.0155  0.006307
   181/299     11.5G   0.01518  0.008721 0.0009985    0.0249        52       640    0.9525    0.8777    0.9194    0.6205   0.02712    0.0155     0.006
   182/299     11.5G   0.01525   0.00869  0.001066   0.02501        60       640    0.9476    0.8918    0.9194    0.6226   0.02707   0.01561  0.006521
   183/299     11.5G   0.01534  0.008667 0.0009698   0.02498        38       640    0.9463    0.8838    0.9222    0.6179   0.02705   0.01579  0.006017
   184/299     11.5G    0.0149  0.008641  0.001108   0.02465        48       640    0.9337    0.8888    0.9184    0.6166   0.02712    0.0158  0.005557
   185/299     11.5G    0.0152  0.008859  0.001026   0.02508        41       640    0.9447    0.8856     0.919     0.615   0.02714   0.01597  0.005528
   186/299     11.5G   0.01503  0.008635 0.0007855   0.02445        44       640    0.9404    0.8832    0.9141    0.6126   0.02718   0.01599  0.006259
   187/299     11.5G   0.01526  0.008825  0.001106   0.02519        53       640    0.9372    0.9011    0.9212     0.621   0.02697   0.01562  0.005587
   188/299     11.5G   0.01482   0.00882  0.001154   0.02479        54       640    0.9528    0.8869    0.9201    0.6179   0.02715   0.01552  0.005717
   189/299     11.5G   0.01516  0.008858 0.0009513   0.02497        47       640    0.9507    0.8867     0.924    0.6219   0.02687   0.01547  0.005707
   190/299     11.5G   0.01463  0.008764  0.001021   0.02442        58       640    0.9495    0.8799    0.9165     0.616   0.02712   0.01555  0.006347
   191/299     11.5G   0.01512  0.008435  0.001018   0.02457        59       640    0.9463    0.8809    0.9156     0.618   0.02731   0.01569  0.005611
   192/299     11.5G   0.01467  0.008601 0.0009617   0.02423        41       640    0.9292    0.8967    0.9174    0.6163   0.02725   0.01568  0.005407
   193/299     11.5G   0.01448  0.008424 0.0007908   0.02369        41       640    0.9501    0.8721    0.9161    0.6184   0.02717   0.01614  0.005393
   194/299     11.5G    0.0146  0.008226 0.0008452   0.02368        39       640    0.9437    0.8767    0.9092    0.6162   0.02702   0.01588  0.006375
   195/299     11.5G    0.0149  0.008598  0.001117   0.02461        36       640    0.9533    0.8716    0.9125    0.6114   0.02731   0.01588  0.006045
   196/299     11.5G   0.01496  0.008517  0.000913   0.02439        51       640    0.9335    0.8777    0.9136     0.609   0.02749   0.01593   0.00637
   197/299     11.5G   0.01466  0.008538 0.0007995     0.024        57       640    0.9505    0.8777    0.9214     0.611   0.02761   0.01577  0.005869
   198/299     11.5G   0.01419  0.008388 0.0009467   0.02353        31       640    0.9463    0.8798    0.9203    0.6167   0.02737   0.01598  0.006208
   199/299     11.5G   0.01488  0.008482 0.0009137   0.02428        35       640    0.9571    0.8777    0.9154    0.6156   0.02735   0.01592  0.006126
   200/299     11.5G   0.01437  0.008345 0.0009446   0.02366        49       640    0.9444    0.8818    0.9172    0.6192   0.02716   0.01602  0.006188
   201/299     11.5G   0.01446  0.008597  0.001151   0.02421        50       640    0.9392     0.883    0.9183    0.6186   0.02725    0.0161  0.006355
   202/299     11.5G   0.01433  0.008443 0.0008971   0.02367        51       640    0.9568    0.8799    0.9183    0.6185   0.02728   0.01596  0.006016
   203/299     11.5G    0.0147  0.008294 0.0008543   0.02384        61       640    0.9631    0.8765    0.9184    0.6194   0.02734   0.01625  0.005896
   204/299     11.5G   0.01443   0.00824 0.0008446   0.02351        50       640     0.958    0.8767    0.9181    0.6219   0.02722   0.01624  0.006506
   205/299     11.5G   0.01452  0.008438 0.0008011   0.02376        50       640    0.9456    0.8806    0.9171    0.6174   0.02715   0.01611  0.006752
   206/299     11.5G   0.01416  0.008268 0.0009596   0.02339        42       640    0.9246    0.8981    0.9179    0.6198   0.02714   0.01616  0.006785
   207/299     11.5G   0.01401  0.008071 0.0009345   0.02302        36       640    0.9599    0.8726    0.9167    0.6238   0.02712   0.01613  0.008134
   208/299     11.5G   0.01402   0.00826 0.0008704   0.02315        49       640    0.9429    0.8778    0.9136    0.6194   0.02728   0.01594  0.008878
   209/299     11.5G   0.01411  0.008051 0.0008643   0.02302        46       640    0.9709    0.8553    0.9118    0.6182   0.02717   0.01612  0.007765
   210/299     11.5G   0.01375  0.008191 0.0009307   0.02288        47       640    0.9699    0.8563    0.9127    0.6177   0.02736   0.01655  0.007508
   211/299     11.5G    0.0141  0.008139  0.001094   0.02333        51       640    0.9611    0.8634    0.9171    0.6181   0.02741   0.01649  0.007118
   212/299     11.5G   0.01396  0.008278 0.0009229   0.02317        44       640    0.9587    0.8745    0.9162    0.6216   0.02738   0.01629  0.006374
   213/299     11.5G   0.01415  0.008403 0.0009377   0.02349        48       640    0.9464    0.8663    0.9162    0.6193   0.02754   0.01645  0.006171
   214/299     11.5G   0.01407  0.008244 0.0009508   0.02327        52       640    0.9486    0.8748    0.9171    0.6196   0.02722   0.01627  0.006515
   215/299     11.5G    0.0136  0.007937 0.0008471   0.02238        36       640    0.9408    0.8883    0.9188    0.6185   0.02712   0.01616  0.006159
   216/299     11.5G   0.01385   0.00809 0.0008623    0.0228        36       640    0.9482     0.888    0.9168    0.6171   0.02725   0.01637  0.006251
   217/299     11.5G    0.0136  0.007943 0.0009631   0.02251        43       640    0.9578    0.8748    0.9136    0.6149   0.02749   0.01655  0.006243
   218/299     11.5G   0.01392  0.008008  0.000855   0.02278        45       640    0.9571    0.8704    0.9139    0.6148   0.02741   0.01683   0.00711
   219/299     11.5G   0.01366  0.008025 0.0008559   0.02254        42       640    0.9382    0.8799    0.9139    0.6152   0.02735   0.01651  0.007925
   220/299     11.5G   0.01378  0.008025 0.0007899   0.02259        41       640    0.9458    0.8758    0.9156     0.614   0.02732   0.01651  0.006748
   221/299     11.5G   0.01348  0.008004  0.000658   0.02214        56       640    0.9653    0.8629     0.917    0.6195    0.0272   0.01664  0.006443
   222/299     11.5G   0.01351  0.008144 0.0007244   0.02238        51       640     0.975    0.8655    0.9204     0.622   0.02704   0.01636  0.006111
   223/299     11.5G   0.01352  0.008265 0.0008197   0.02261        41       640    0.9295    0.8982     0.923    0.6224   0.02697   0.01634  0.006356
   224/299     11.5G   0.01349  0.007829 0.0009449   0.02227        37       640    0.9445    0.8777    0.9182    0.6219   0.02708   0.01656  0.007098
   225/299     11.5G   0.01315  0.007949 0.0009066   0.02201        43       640    0.9457    0.8686    0.9162    0.6197   0.02709    0.0164  0.008002
   226/299     11.5G    0.0134  0.008019 0.0007632   0.02218        43       640    0.9496    0.8727    0.9166    0.6187   0.02729   0.01649  0.007843
   227/299     11.5G    0.0138  0.008072  0.000822    0.0227        51       640    0.9633    0.8658    0.9164     0.616   0.02734   0.01655  0.007361
   228/299     11.5G    0.0135  0.007891 0.0008196   0.02221        46       640    0.9577    0.8636     0.914     0.615   0.02751   0.01683  0.007104
   229/299     11.5G   0.01336  0.007918 0.0008297   0.02211        42       640    0.9556    0.8686     0.917    0.6145   0.02749   0.01671  0.007587
   230/299     11.5G    0.0132  0.007717 0.0008849    0.0218        41       640    0.9656    0.8615    0.9191    0.6215   0.02724   0.01646  0.006836
   231/299     11.5G   0.01363  0.008174 0.0006434   0.02245        37       640    0.9484    0.8798     0.917    0.6199   0.02718   0.01635  0.007552
   232/299     11.5G   0.01341  0.007858 0.0006609   0.02193        56       640    0.9445     0.887    0.9159    0.6199   0.02716   0.01636  0.007602
   233/299     11.5G   0.01349  0.007909 0.0008267   0.02222        46       640    0.9378    0.8878    0.9131    0.6169   0.02722    0.0164  0.007858
   234/299     11.5G   0.01303   0.00769 0.0007344   0.02145        32       640    0.9498    0.8872    0.9175    0.6199   0.02717   0.01648  0.006878
   235/299     11.5G   0.01313  0.007715  0.000478   0.02132        76       640     0.959    0.8748    0.9143     0.615    0.0271   0.01674  0.006817
   236/299     11.5G   0.01296  0.007603 0.0007034   0.02127        39       640    0.9585    0.8747    0.9157     0.615   0.02723   0.01683  0.006736
   237/299     11.5G   0.01303  0.007829 0.0006923   0.02155        45       640    0.9541    0.8775    0.9168    0.6183   0.02723    0.0169  0.006572
   238/299     11.5G   0.01283  0.007862 0.0006656   0.02136        54       640     0.959    0.8727    0.9172     0.618    0.0271   0.01671  0.006755
   239/299     11.5G    0.0127  0.007582 0.0005946   0.02087        47       640    0.9598    0.8716    0.9161    0.6182   0.02711    0.0168  0.006925
   240/299     11.5G   0.01283  0.007428 0.0005863   0.02084        42       640    0.9517    0.8759     0.916    0.6184   0.02719    0.0169  0.007122
   241/299     11.5G   0.01297  0.007548 0.0007882   0.02131        49       640    0.9574    0.8747    0.9188    0.6178   0.02708   0.01675  0.007145
   242/299     11.5G   0.01254  0.007687 0.0007868   0.02102        51       640    0.9613    0.8768    0.9205    0.6217   0.02695    0.0167  0.007465
   243/299     11.5G   0.01287  0.007443 0.0007757   0.02108        43       640    0.9472    0.8818    0.9188    0.6213   0.02697   0.01679  0.008012
   244/299     11.5G   0.01276  0.007987 0.0007447   0.02149        72       640      0.97    0.8629    0.9181    0.6178   0.02693   0.01683  0.008088
   245/299     11.5G   0.01243  0.007698 0.0007779   0.02091        41       640    0.9579    0.8707    0.9166    0.6158     0.027   0.01686  0.008313
   246/299     11.5G    0.0127  0.007608 0.0009258   0.02123        60       640    0.9496    0.8758     0.915    0.6161   0.02708    0.0168   0.00845
   247/299     11.5G   0.01252  0.007786 0.0006531   0.02096        71       640    0.9497    0.8757    0.9163    0.6124    0.0272   0.01668  0.008416
   248/299     11.5G   0.01241  0.007339 0.0006876   0.02043        45       640    0.9448     0.879    0.9186    0.6185   0.02706   0.01664  0.008303
   249/299     11.5G   0.01262  0.007349 0.0007409   0.02071        32       640     0.948    0.8806     0.919    0.6207   0.02704   0.01662  0.008259
   250/299     11.5G   0.01238  0.007534 0.0006925   0.02061        40       640     0.967    0.8614    0.9189    0.6211   0.02702   0.01669  0.007943
   251/299     11.5G   0.01247  0.007362 0.0006179   0.02045        32       640    0.9424    0.8909    0.9195    0.6218     0.027   0.01672  0.007231
   252/299     11.5G   0.01264  0.007657  0.000669   0.02097        44       640     0.957    0.8798    0.9206    0.6218   0.02703    0.0168  0.006812
   253/299     11.5G   0.01203  0.007274 0.0006318   0.01994        27       640    0.9547    0.8819     0.919    0.6216   0.02704   0.01691  0.006407
   254/299     11.5G    0.0126  0.007531  0.000689   0.02082        45       640     0.949    0.8869    0.9209    0.6234   0.02699   0.01688  0.006675
   255/299     11.5G   0.01263  0.007549 0.0007339   0.02091        53       640    0.9485    0.8879    0.9188    0.6202   0.02712   0.01701  0.006562
   256/299     11.5G   0.01207  0.007404 0.0006423   0.02011        42       640    0.9445    0.8859    0.9145    0.6164   0.02722   0.01715   0.00662
   257/299     11.5G   0.01211  0.007346 0.0006622   0.02012        43       640    0.9436    0.8846    0.9139    0.6148   0.02718    0.0171  0.007258
   258/299     11.5G   0.01272  0.007414 0.0006231   0.02076        48       640    0.9641    0.8687    0.9157    0.6178    0.0271   0.01705  0.007312
   259/299     11.5G   0.01237    0.0072 0.0007588   0.02033        44       640    0.9594    0.8737    0.9172     0.621   0.02707   0.01696  0.007286
   260/299     11.5G   0.01221  0.007445 0.0007079   0.02036        38       640    0.9673    0.8666    0.9187    0.6227   0.02716     0.017  0.007549
   261/299     11.5G   0.01228    0.0074 0.0007026   0.02038        44       640    0.9483    0.8818    0.9165     0.621   0.02706   0.01695  0.007775
   262/299     11.5G   0.01235   0.00726 0.0006854   0.02029        36       640    0.9454    0.8869    0.9149    0.6185   0.02695   0.01708  0.007629
   263/299     11.5G   0.01206  0.007333 0.0007203   0.02011        49       640    0.9507    0.8809    0.9147    0.6216   0.02698   0.01699  0.007792
   264/299     11.5G   0.01235  0.007272 0.0007189   0.02034        48       640    0.9448    0.8871    0.9176    0.6232   0.02708   0.01695  0.007893
   265/299     11.5G   0.01213  0.007176 0.0006038   0.01991        35       640    0.9444    0.8879    0.9187    0.6203   0.02711   0.01712  0.008163
   266/299     11.5G   0.01212  0.007422 0.0006493   0.02019        52       640    0.9677    0.8604    0.9171    0.6201   0.02701   0.01725   0.00809
   267/299     11.5G   0.01192  0.007257 0.0004998   0.01967        45       640    0.9682    0.8583    0.9165    0.6208   0.02692   0.01726  0.008101
   268/299     11.5G   0.01194  0.007248 0.0006898   0.01988        32       640    0.9514    0.8763    0.9168    0.6193   0.02697   0.01729  0.007756
   269/299     11.5G   0.01179  0.006902 0.0005987   0.01929        35       640    0.9553    0.8819    0.9177    0.6206     0.027   0.01726  0.007487
   270/299     11.5G   0.01224  0.007094 0.0006797   0.02001        43       640    0.9519    0.8839    0.9191    0.6227   0.02692   0.01738  0.007172
   271/299     11.5G    0.0121  0.007661 0.0006649   0.02043        42       640    0.9568    0.8768    0.9174    0.6199   0.02692   0.01742   0.00713
   272/299     11.5G   0.01204   0.00729 0.0005812   0.01991        49       640    0.9572    0.8704    0.9156    0.6186   0.02695   0.01739  0.007152
   273/299     11.5G   0.01203  0.007595 0.0005805   0.02021        55       640    0.9508    0.8777    0.9146    0.6185   0.02697   0.01741  0.007177
   274/299     11.5G   0.01185  0.007119 0.0003937   0.01936        34       640    0.9615    0.8696    0.9139     0.619     0.027   0.01745  0.007102
   275/299     11.5G   0.01175   0.00708  0.000519   0.01934        26       640    0.9452    0.8808    0.9163    0.6208   0.02697   0.01737  0.007222
   276/299     11.5G   0.01172  0.007175 0.0004807   0.01937        51       640    0.9555    0.8703    0.9173    0.6222   0.02695   0.01741  0.007157
   277/299     11.5G    0.0119  0.007339 0.0004992   0.01974        47       640    0.9533    0.8722    0.9169    0.6212     0.027    0.0175  0.007085
   278/299     11.5G   0.01166  0.007065 0.0005883   0.01932        37       640    0.9607    0.8635    0.9196    0.6216   0.02707   0.01764  0.006913
   279/299     11.5G   0.01192  0.007145 0.0006908   0.01976        42       640    0.9584    0.8625    0.9206    0.6238   0.02707    0.0176  0.007356
   280/299     11.5G   0.01165  0.007134  0.000512    0.0193        50       640    0.9382    0.8764    0.9188     0.624   0.02702   0.01759  0.007568
   281/299     11.5G   0.01176   0.00726 0.0007991   0.01982        45       640    0.9535    0.8658     0.917    0.6247   0.02697    0.0176  0.007639
   282/299     11.5G   0.01167  0.007174  0.000501   0.01934        50       640    0.9564    0.8644    0.9153    0.6237   0.02701   0.01766  0.007707
   283/299     11.5G   0.01188  0.007302 0.0006617   0.01984        51       640    0.9426    0.8741    0.9161    0.6241   0.02697   0.01765  0.007862
   284/299     11.5G    0.0117   0.00718 0.0006003   0.01948        64       640    0.9429    0.8783    0.9174    0.6248   0.02697   0.01753   0.00801
   285/299     11.5G   0.01165   0.00695  0.000615   0.01922        45       640    0.9373    0.8798    0.9175     0.625     0.027   0.01758  0.008182
   286/299     11.5G   0.01136  0.006966  0.000668   0.01899        49       640    0.9272    0.8919    0.9167    0.6235     0.027   0.01762   0.00822
   287/299     11.5G   0.01185  0.006915 0.0005276   0.01929        40       640    0.9497    0.8717    0.9165    0.6236   0.02693   0.01766  0.008142
   288/299     11.5G   0.01181  0.007303 0.0005734   0.01968        39       640    0.9702    0.8549    0.9155    0.6229   0.02695   0.01769  0.007977
   289/299     11.5G   0.01178  0.007137 0.0005534   0.01947        55       640    0.9426    0.8747    0.9154    0.6252   0.02691   0.01774  0.008018
   290/299     11.5G   0.01166  0.006878 0.0006696   0.01921        32       640      0.96    0.8635    0.9156    0.6243   0.02693   0.01778  0.007855
   291/299     11.5G   0.01177  0.006952 0.0004987   0.01922        46       640     0.961    0.8659    0.9155    0.6216   0.02701    0.0178  0.007777
   292/299     11.5G   0.01155  0.007076 0.0006229   0.01925        47       640    0.9634    0.8645    0.9175     0.621   0.02702   0.01773  0.007751
   293/299     11.5G   0.01143  0.007011 0.0005094   0.01895        41       640    0.9631    0.8697    0.9167    0.6232   0.02705   0.01768  0.007623
   294/299     11.5G   0.01167  0.006961 0.0005502   0.01918        56       640    0.9611    0.8732    0.9171    0.6225    0.0271   0.01775  0.007678
   295/299     11.5G   0.01177   0.00708 0.0005494    0.0194        49       640    0.9538    0.8757    0.9176    0.6236   0.02713    0.0178  0.007549
   296/299     11.5G   0.01128  0.006928 0.0005986   0.01881        52       640    0.9587    0.8675     0.918    0.6234    0.0272   0.01784  0.007521
   297/299     11.5G   0.01104  0.007038 0.0007235    0.0188        38       640    0.9508    0.8726     0.915    0.6223   0.02727   0.01781  0.007516
   298/299     11.5G   0.01116  0.007095 0.0005466   0.01881        41       640    0.9487    0.8732    0.9145    0.6243   0.02724   0.01773  0.007475
   299/299     11.5G   0.01129  0.006874 0.0005617   0.01872        44       640    0.9345    0.8878    0.9145    0.6237   0.02717    0.0177  0.007325
